道具种类	具体类别	详细类别	五行属性	等级	师徒点价格	师门威望等级	东瀛岛声望	方丈岛声望	即时战场声望	即时战场催锋令数	仙魔界声望	帅印	功勋值	功勋等级	物品名称	商店编号	海贝商店售价、封神谕力商店售价	刷新周期内可购买次数	刷新周期	跨服声望（开服x天后1:价格1;开服x天后2:价格2;...）	售卖时间（区间开始1:区间结束1;区间开始2:区间结束2;...），开服当天为0，inf为无穷大	封神之战声望	购买时点亮神枢节点的所在页数	购买限制次数EX	购买限制类型EX
1	0	0	0	1											小红丹	0									
1	1	0	0	1											中红丹	0									
1	2	0	0	1											大红丹	0									
1	3	0	0	1											小还丹	0									
1	4	0	0	1											中还丹	0									
1	5	0	0	1											大还丹	0									
1	0	0	0	1											小红丹	0									
1	0	0	0	1											小红丹	0									
1	0	0	0	1											小红丹	0									
1	0	0	0	1											小红丹	0									
1	0	0	0	1											小红丹	0									
1	0	0	0	1											小红丹	0									
1	0	0	0	1											小红丹	0									
1	0	0	0	1											小红丹	0									
1	0	0	0	1											小红丹	0									
1	0	0	0	1											小红丹	0									
1	0	0	0	1											小红丹	0									
1	0	0	0	1											小红丹	0									
1	0	0	0	1											小红丹	0									
1	0	0	0	1											小红丹	0									
1	0	0	0	1											小红丹	0									
1	0	0	0	1											小红丹	0									
1	0	0	0	1											小红丹	0									
1	0	0	0	1											小红丹	0									
1	0	0	0	1											小红丹	0									
0	0	0	0	1											斩将刀	0									
0	0	0	0	2											化血刀	0									
0	0	0	0	3											荡魔杵	0									
0	0	0	0	4											赤铜刀	0									
0	0	0	0	5											降魔杵	0									
0	0	0	0	6											鲛海刀	0									
0	0	0	0	7											打神鞭	0									
0	0	0	0	8											夺宫刀	0									
0	0	0	0	9											逐日大剑	0									
0	0	0	0	10											炎帝大剑	0									
0	0	1	0	1											三尖刀	0									
0	0	1	0	2											镔铁戈	0									
0	0	1	0	3											银蟒尖刀	0									
0	0	1	0	4											啸天尖刀	0									
0	0	1	0	5											创世戟	0									
0	0	1	0	6											银尖戟	0									
0	0	1	0	7											点将戟	0									
0	0	1	0	8											宣花斧	0									
0	0	1	0	9											开天斧	0									
0	0	1	0	10											湛金斧	0									
0	0	2	0	1											霹雳剑	0									
0	0	2	0	2											灭焰剑	0									
0	0	2	0	3											云水剑	0									
0	0	2	0	4											紫阳剑	0									
0	0	2	0	5											昆吾剑	0									
0	0	2	0	6											遁龙剑	0									
0	0	2	0	7											巨阙剑	0									
0	0	2	0	8											吴钩剑	0									
0	0	2	0	9											金光剑	0									
0	0	2	0	10											太极剑	0									
0	0	3	0	1											渡世钺	0									
0	0	3	0	2											长生钺	0									
0	0	3	0	3											离宫钺	0									
0	0	3	0	4											伏世钺	0									
0	0	3	0	5											落魂钺	0									
0	0	3	0	6											七宝钺	0									
0	0	3	0	7											聚仙钺	0									
0	0	3	0	8											绝仙钺	0									
0	0	3	0	9											混天钺	0									
0	0	3	0	10											灭神钺	0									
0	0	4	0	1											斩将刀	-1									
0	0	4	0	2											化血刀	-1									
0	0	4	0	3											荡魔杵	-1									
0	0	4	0	4											赤铜刀	-1									
0	0	4	0	5											降魔杵	-1									
0	0	4	0	6											鲛海刀	-1									
0	0	4	0	7											打神鞭	-1									
0	0	4	0	8											夺宫刀	-1									
0	0	4	0	9											逐日大剑	-1									
0	0	4	0	10											炎帝大剑	-1									
0	0	5	0	1											三尖刀	-1									
0	0	5	0	2											镔铁戈	-1									
0	0	5	0	3											银蟒尖刀	-1									
0	0	5	0	4											啸天尖刀	-1									
0	0	5	0	5											创世戟	-1									
0	0	5	0	6											银尖戟	-1									
0	0	5	0	7											点将戟	-1									
0	0	5	0	8											宣花斧	-1									
0	0	5	0	9											开天斧	-1									
0	0	5	0	10											湛金斧	-1									
0	0	6	0	1											霹雳剑	-1									
0	0	6	0	2											灭焰剑	-1									
0	0	6	0	3											云水剑	-1									
0	0	6	0	4											紫阳剑	-1									
0	0	6	0	5											昆吾剑	-1									
0	0	6	0	6											遁龙剑	-1									
0	0	6	0	7											巨阙剑	-1									
0	0	6	0	8											吴钩剑	-1									
0	0	6	0	9											金光剑	-1									
0	0	6	0	10											太极剑	-1									
0	2	0	0	1											黄铜玄武甲	0									
0	2	0	0	2											黄铜巨斗甲	0									
0	2	0	0	3											黄铜斗阵甲	0									
0	2	0	0	4											青铜武曲甲	0									
0	2	0	0	5											青铜临兵甲	0									
0	2	0	0	6											玄铁星纲甲	0									
0	2	0	0	7											玄铁麒麟甲	0									
0	2	0	0	8											玄铁开天甲	0									
0	2	0	0	9											玄铁斩龙甲	0									
0	2	0	0	10											黄金震旦甲	0									
0	2	1	0	1											天权道袍	0									
0	2	1	0	2											云中道袍	0									
0	2	1	0	3											广成道袍	0									
0	2	1	0	4											赤松道袍	0									
0	2	1	0	5											九宫道袍	0									
0	2	1	0	6											太乙道袍	0									
0	2	1	0	7											准提道袍	0									
0	2	1	0	8											通天道袍	0									
0	2	1	0	9											元始道袍	0									
0	2	1	0	10											鸿钧道袍	0									
0	2	2	0	1											狼牙护甲	0									
0	2	2	0	2											犬纹护甲	0									
0	2	2	0	3											贪狼护甲	0									
0	2	2	0	4											豹神护甲	0									
0	2	2	0	5											虎头护甲	0									
0	2	2	0	6											角兽护甲	0									
0	2	2	0	7											金牛护甲	0									
0	2	2	0	8											蓝雕护甲	0									
0	2	2	0	9											神鹰护甲	0									
0	2	2	0	10											亢龙护甲	0									
0	2	3	0	1											黄铜巨斗甲	-1									
0	2	3	0	2											黄铜巨斗甲	-1									
0	2	3	0	3											青铜武曲甲	-1									
0	2	3	0	4											青铜武曲甲	-1									
0	2	3	0	5											玄铁星纲甲	-1									
0	2	3	0	6											玄铁星纲甲	-1									
0	2	3	0	7											玄铁开天甲	-1									
0	2	3	0	8											玄铁开天甲	-1									
0	2	3	0	9											黄金震旦甲	-1									
0	2	3	0	10											黄金震旦甲	-1									
0	2	4	0	1											云中道袍	-1									
0	2	4	0	2											云中道袍	-1									
0	2	4	0	3											赤松道袍	-1									
0	2	4	0	4											赤松道袍	-1									
0	2	4	0	5											太乙道袍	-1									
0	2	4	0	6											太乙道袍	-1									
0	2	4	0	7											通天道袍	-1									
0	2	4	0	8											通天道袍	-1									
0	2	4	0	9											鸿钧道袍	-1									
0	2	4	0	10											鸿钧道袍	-1									
0	2	5	0	1											犬纹护甲	-1									
0	2	5	0	2											犬纹护甲	-1									
0	2	5	0	3											豹神护甲	-1									
0	2	5	0	4											豹神护甲	-1									
0	2	5	0	5											角兽护甲	-1									
0	2	5	0	6											角兽护甲	-1									
0	2	5	0	7											蓝雕护甲	-1									
0	2	5	0	8											蓝雕护甲	-1									
0	2	5	0	9											亢龙护甲	-1									
0	2	5	0	10											亢龙护甲	-1									
0	7	0	0	1											玄武盔	0									
0	7	0	0	2											巨斗盔	0									
0	7	0	0	3											斗阵盔	0									
0	7	0	0	4											武曲盔	0									
0	7	0	0	5											临兵盔	0									
0	7	0	0	6											星纲盔	0									
0	7	0	0	7											麒麟盔	0									
0	7	0	0	8											开天盔	0									
0	7	0	0	9											斩龙盔	0									
0	7	0	0	10											震旦盔	0									
0	7	1	0	1											天权冠	0									
0	7	1	0	2											云中冠	0									
0	7	1	0	3											广成冠	0									
0	7	1	0	4											赤松冠	0									
0	7	1	0	5											九宫冠	0									
0	7	1	0	6											太乙冠	0									
0	7	1	0	7											准提冠	0									
0	7	1	0	8											通天冠	0									
0	7	1	0	9											元始冠	0									
0	7	1	0	10											鸿钧冠	0									
0	7	2	0	1											狼牙胄	0									
0	7	2	0	2											犬纹胄	0									
0	7	2	0	3											贪狼胄	0									
0	7	2	0	4											豹神胄	0									
0	7	2	0	5											虎头胄	0									
0	7	2	0	6											角兽胄	0									
0	7	2	0	7											金牛胄	0									
0	7	2	0	8											蓝雕胄	0									
0	7	2	0	9											神鹰胄	0									
0	7	2	0	10											亢龙胄	0									
0	7	3	0	1											巨斗盔	-1									
0	7	3	0	2											巨斗盔	-1									
0	7	3	0	3											武曲盔	-1									
0	7	3	0	4											武曲盔	-1									
0	7	3	0	5											星纲盔	-1									
0	7	3	0	6											星纲盔	-1									
0	7	3	0	7											开天盔	-1									
0	7	3	0	8											开天盔	-1									
0	7	3	0	9											震旦盔	-1									
0	7	3	0	10											震旦盔	-1									
0	7	4	0	1											云中冠	-1									
0	7	4	0	2											云中冠	-1									
0	7	4	0	3											赤松冠	-1									
0	7	4	0	4											赤松冠	-1									
0	7	4	0	5											太乙冠	-1									
0	7	4	0	6											太乙冠	-1									
0	7	4	0	7											通天冠	-1									
0	7	4	0	8											通天冠	-1									
0	7	4	0	9											鸿钧冠	-1									
0	7	4	0	10											鸿钧冠	-1									
0	7	5	0	1											犬纹胄	-1									
0	7	5	0	2											犬纹胄	-1									
0	7	5	0	3											豹神胄	-1									
0	7	5	0	4											豹神胄	-1									
0	7	5	0	5											角兽胄	-1									
0	7	5	0	6											角兽胄	-1									
0	7	5	0	7											蓝雕胄	-1									
0	7	5	0	8											蓝雕胄	-1									
0	7	5	0	9											亢龙胄	-1									
0	7	5	0	10											亢龙胄	-1									
0	5	0	0	1											玄武战靴	0									
0	5	0	0	2											巨斗战靴	0									
0	5	0	0	3											斗阵战靴	0									
0	5	0	0	4											武曲战靴	0									
0	5	0	0	5											临兵战靴	0									
0	5	0	0	6											星纲战靴	0									
0	5	0	0	7											麒麟战靴	0									
0	5	0	0	8											开天战靴	0									
0	5	0	0	9											斩龙战靴	0									
0	5	0	0	10											震旦战靴	0									
0	5	1	0	1											天权履	0									
0	5	1	0	2											云中履	0									
0	5	1	0	3											广成履	0									
0	5	1	0	4											赤松履	0									
0	5	1	0	5											九宫履	0									
0	5	1	0	6											太乙履	0									
0	5	1	0	7											准提履	0									
0	5	1	0	8											通天履	0									
0	5	1	0	9											元始履	0									
0	5	1	0	10											鸿钧履	0									
0	5	2	0	1											狼牙靴	0									
0	5	2	0	2											犬纹靴	0									
0	5	2	0	3											贪狼靴	0									
0	5	2	0	4											豹神靴	0									
0	5	2	0	5											虎头靴	0									
0	5	2	0	6											角兽靴	0									
0	5	2	0	7											金牛靴	0									
0	5	2	0	8											蓝雕靴	0									
0	5	2	0	9											神鹰靴	0									
0	5	2	0	10											亢龙靴	0									
0	5	3	0	1											巨斗战靴	-1									
0	5	3	0	2											巨斗战靴	-1									
0	5	3	0	3											武曲战靴	-1									
0	5	3	0	4											武曲战靴	-1									
0	5	3	0	5											星纲战靴	-1									
0	5	3	0	6											星纲战靴	-1									
0	5	3	0	7											开天战靴	-1									
0	5	3	0	8											开天战靴	-1									
0	5	3	0	9											震旦战靴	-1									
0	5	3	0	10											震旦战靴	-1									
0	5	4	0	1											云中履	-1									
0	5	4	0	2											云中履	-1									
0	5	4	0	3											赤松履	-1									
0	5	4	0	4											赤松履	-1									
0	5	4	0	5											太乙履	-1									
0	5	4	0	6											太乙履	-1									
0	5	4	0	7											通天履	-1									
0	5	4	0	8											通天履	-1									
0	5	4	0	9											鸿钧履	-1									
0	5	4	0	10											鸿钧履	-1									
0	5	5	0	1											犬纹靴	-1									
0	5	5	0	2											犬纹靴	-1									
0	5	5	0	3											豹神靴	-1									
0	5	5	0	4											豹神靴	-1									
0	5	5	0	5											角兽靴	-1									
0	5	5	0	6											角兽靴	-1									
0	5	5	0	7											蓝雕靴	-1									
0	5	5	0	8											蓝雕靴	-1									
0	5	5	0	9											亢龙靴	-1									
0	5	5	0	10											亢龙靴	-1									
0	6	0	0	1											玄武腰带	0									
0	6	0	0	2											巨斗腰带	0									
0	6	0	0	3											斗阵腰带	0									
0	6	0	0	4											武曲腰带	0									
0	6	0	0	5											临兵腰带	0									
0	6	0	0	6											星纲腰带	0									
0	6	0	0	7											麒麟腰带	0									
0	6	0	0	8											开天腰带	0									
0	6	0	0	9											斩龙腰带	0									
0	6	0	0	10											震旦腰带	0									
0	6	1	0	1											天权巾子	0									
0	6	1	0	2											云中巾子	0									
0	6	1	0	3											广成巾子	0									
0	6	1	0	4											赤松巾子	0									
0	6	1	0	5											九宫巾子	0									
0	6	1	0	6											太乙巾子	0									
0	6	1	0	7											准提巾子	0									
0	6	1	0	8											通天巾子	0									
0	6	1	0	9											元始巾子	0									
0	6	1	0	10											鸿钧巾子	0									
0	6	2	0	1											狼牙腰带	0									
0	6	2	0	2											犬纹腰带	0									
0	6	2	0	3											贪狼腰带	0									
0	6	2	0	4											豹神腰带	0									
0	6	2	0	5											虎头腰带	0									
0	6	2	0	6											角兽腰带	0									
0	6	2	0	7											金牛腰带	0									
0	6	2	0	8											蓝雕腰带	0									
0	6	2	0	9											神鹰腰带	0									
0	6	2	0	10											亢龙腰带	0									
0	6	3	0	1											巨斗腰带	-1									
0	6	3	0	2											巨斗腰带	-1									
0	6	3	0	3											武曲腰带	-1									
0	6	3	0	4											武曲腰带	-1									
0	6	3	0	5											星纲腰带	-1									
0	6	3	0	6											星纲腰带	-1									
0	6	3	0	7											开天腰带	-1									
0	6	3	0	8											开天腰带	-1									
0	6	3	0	9											震旦腰带	-1									
0	6	3	0	10											震旦腰带	-1									
0	6	4	0	1											云中巾子	-1									
0	6	4	0	2											云中巾子	-1									
0	6	4	0	3											赤松巾子	-1									
0	6	4	0	4											赤松巾子	-1									
0	6	4	0	5											太乙巾子	-1									
0	6	4	0	6											太乙巾子	-1									
0	6	4	0	7											通天巾子	-1									
0	6	4	0	8											通天巾子	-1									
0	6	4	0	9											鸿钧巾子	-1									
0	6	4	0	10											鸿钧巾子	-1									
0	6	5	0	1											犬纹腰带	-1									
0	6	5	0	2											犬纹腰带	-1									
0	6	5	0	3											豹神腰带	-1									
0	6	5	0	4											豹神腰带	-1									
0	6	5	0	5											角兽腰带	-1									
0	6	5	0	6											角兽腰带	-1									
0	6	5	0	7											蓝雕腰带	-1									
0	6	5	0	8											蓝雕腰带	-1									
0	6	5	0	9											亢龙腰带	-1									
0	6	5	0	10											亢龙腰带	-1									
0	10	0	0	1											黄骠马	0									
0	10	0	0	2											青鬃马	0									
0	10	0	0	3											赤兔马	0									
0	10	0	0	4											独角兽	0									
0	10	0	0	5											铁甲狼	0									
0	10	0	0	6											暗影狼	0									
0	10	0	0	7											幽魂狼	0									
0	10	0	0	8											东北虎	0									
0	10	0	0	9											插翅虎	0									
0	10	0	0	10											赤焰虎	0									
0	10	1	0	1											林间雀	0									
0	10	1	0	2											碧玉雀	0									
0	10	1	0	3											云中雀	0									
0	10	1	0	4											苍鹰	0									
0	10	1	0	5											丹顶鹤	0									
0	10	1	0	6											乘风鹤	0									
0	10	1	0	7											飘雪鹤	0									
0	10	1	0	8											大鹏鸟	0									
0	10	1	0	9											当扈鸟	0									
0	10	1	0	10											食火鸟	0									
0	10	2	0	1											蝴蝶翅	0									
0	10	2	0	2											绿玉翅	0									
0	10	2	0	3											红云翅	0									
0	10	2	0	4											白羽翅	0									
0	10	2	0	5											风雷翅	0									
0	10	2	0	6											青冥翅	0									
0	10	2	0	7											沉香翅	0									
0	10	2	0	8											冲霄翅	0									
0	10	2	0	9											凌云翅	0									
0	10	2	0	10											空灵翅	0									
0	9	0	0	1											玄武披风	0									
0	9	0	0	2											巨斗披风	0									
0	9	0	0	3											斗阵披风	0									
0	9	0	0	4											武曲披风	0									
0	9	0	0	5											临兵披风	0									
0	9	0	0	6											星纲披风	0									
0	9	0	0	7											麒麟披风	0									
0	9	0	0	8											开天披风	0									
0	9	0	0	9											斩龙披风	0									
0	9	0	0	10											震旦披风	0									
0	9	1	0	1											天权令	0									
0	9	1	0	2											云中令	0									
0	9	1	0	3											广成令	0									
0	9	1	0	4											赤松令	0									
0	9	1	0	5											九宫令	0									
0	9	1	0	6											太乙令	0									
0	9	1	0	7											准提令	0									
0	9	1	0	8											通天令	0									
0	9	1	0	9											元始令	0									
0	9	1	0	10											鸿钧令	0									
0	9	2	0	1											狼牙结	0									
0	9	2	0	2											犬纹结	0									
0	9	2	0	3											贪狼结	0									
0	9	2	0	4											豹神结	0									
0	9	2	0	5											虎头结	0									
0	9	2	0	6											角兽结	0									
0	9	2	0	7											金牛结	0									
0	9	2	0	8											蓝雕结	0									
0	9	2	0	9											神鹰结	0									
0	9	2	0	10											亢龙结	0									
0	9	3	0	1											巨斗披风	-1									
0	9	3	0	2											巨斗披风	-1									
0	9	3	0	3											武曲披风	-1									
0	9	3	0	4											武曲披风	-1									
0	9	3	0	5											星纲披风	-1									
0	9	3	0	6											星纲披风	-1									
0	9	3	0	7											开天披风	-1									
0	9	3	0	8											开天披风	-1									
0	9	3	0	9											震旦披风	-1									
0	9	3	0	10											震旦披风	-1									
0	9	4	0	1											云中令	-1									
0	9	4	0	2											云中令	-1									
0	9	4	0	3											赤松令	-1									
0	9	4	0	4											赤松令	-1									
0	9	4	0	5											太乙令	-1									
0	9	4	0	6											太乙令	-1									
0	9	4	0	7											通天令	-1									
0	9	4	0	8											通天令	-1									
0	9	4	0	9											鸿钧令	-1									
0	9	4	0	10											鸿钧令	-1									
0	9	5	0	1											犬纹结	-1									
0	9	5	0	2											犬纹结	-1									
0	9	5	0	3											豹神结	-1									
0	9	5	0	4											豹神结	-1									
0	9	5	0	5											角兽结	-1									
0	9	5	0	6											角兽结	-1									
0	9	5	0	7											蓝雕结	-1									
0	9	5	0	8											蓝雕结	-1									
0	9	5	0	9											亢龙结	-1									
0	9	5	0	10											亢龙结	-1									
0	4	0	0	1											五光石	-1									
0	4	1	0	1											形天印	-1									
0	4	2	0	1											乾坤尺	-1									
0	4	3	0	1											混天凌	-1									
0	4	4	0	1											琉璃瓶	-1									
0	4	5	0	1											火龙镖	-1									
0	4	6	0	1											阴阳镜	-1									
0	4	7	0	1											蜈蜂袋	-1									
0	4	8	0	1											碧琵琶	-1									
0	4	9	0	1											金刚帕	-1									
0	4	10	0	1											太阳针	-1									
0	4	11	0	1											盘古旌	-1									
0	4	12	0	1											缚龙索	-1									
0	4	13	0	1											万鸦壶	-1									
0	4	14	0	1											捆仙绳	-1									
0	4	15	0	1											震天弓	-1									
0	4	16	0	1											金钵盂	-1									
0	4	17	0	1											玲珑塔	-1									
0	4	18	0	1											攒心钉	-1									
0	4	19	0	1											落魂钟	-1									
0	4	20	0	1											红葫芦	-1									
0	4	21	0	1											玉虚符	-1									
0	4	22	0	1											遁龙桩	-1									
0	4	23	0	1											照妖镜	-1									
5	0	0	0	1											回城符	0									
4	5	0	0	1											神谕之镜	0									
7	0	3	0	1											掌心雷	0									
7	1	4	0	1											流星石	0									
7	2	5	0	1											冰雪弹	0									
7	3	6	0	1											霹雳火	0									
7	4	7	0	1											精通雷系	0									
7	5	8	0	1											天锋地刃	0									
7	6	9	0	1											冰肌雪骨	0									
7	7	10	0	1											风林火山	0									
7	8	11	0	1											旱地雷	0									
7	9	12	0	1											精通土系	-1									
7	10	13	0	1											铁马冰戈	-1									
7	11	14	0	1											精通火系	-1									
7	12	15	0	1											风云雷动	-1									
7	13	16	0	1											五岳朝宗	-1									
7	14	17	0	1											精通冰系	-1									
7	15	18	0	1											十方烈火	-1									
7	16	19	0	1											雷风甲	-1									
7	17	20	0	1											天崩地裂	-1									
7	18	21	0	1											冰风暴	-1									
7	19	22	0	1											祝融真气	-1									
7	20	23	0	1											雷动九天	-1									
7	21	24	0	1											玄女补天	-1									
7	22	25	0	1											冰封万里	-1									
7	23	26	0	1											三昧真火	-1									
7	24	27	0	1											祭血斩	0									
7	25	28	0	1											凌波微步	0									
7	26	29	0	1											开山斩	0									
7	27	30	0	1											回风斩	0									
7	28	31	0	1											电光斩	0									
7	29	32	0	1											横空斩	-1									
7	30	33	0	1											精通短刀	-1									
7	31	34	0	1											精通长刀	-1									
7	32	35	0	1											三头六臂	-1									
7	33	36	0	1											玄冰斩	-1									
7	34	37	0	1											火光斩	-1									
7	35	38	0	1											连环斩	-1									
7	36	39	0	1											落地斩	-1									
7	37	40	0	1											纯阳护体	-1									
7	38	41	0	1											千钧斩	-1									
7	39	42	0	1											倾城一击	-1									
7	40	43	0	1											金刚咒	0									
7	41	44	0	1											摧身咒	0									
7	42	45	0	1											补心咒	0									
7	43	46	0	1											强攻咒	-1									
7	44	47	0	1											破甲咒	-1									
7	45	48	0	1											菩提咒	-1									
7	46	49	0	1											斩心咒	-1									
7	47	50	0	1											疾风咒	-1									
7	48	51	0	1											万骨全枯	-1									
6	1	6	0	1											传送符	-1									
6	1	175	0	1											本样变身符	0									
4	42	0	0	1											封印的百灵幡	0									
7	49	450	0	1											力士祭	0									
7	50	451	0	1											长弓祭	0									
7	51	452	0	1											天羽祭	0									
3	0	0	0	1											水晶	-1									
3	1	0	0	1											硫磺	-1									
3	2	0	0	1											灵芝	-1									
3	3	0	0	1											青铜	-1									
3	4	0	0	1											丝绸	-1									
3	5	0	0	1											皮革	-1									
3	6	0	0	1											青铜	-1									
3	7	0	0	1											龙魂	-1									
3	8	0	0	1											火羽	-1									
3	9	0	0	1											玉骨	-1									
3	10	0	0	1											断剑	-1									
3	11	0	0	1											碎甲	-1									
3	12	0	0	1											鬼面	-1									
3	13	0	0	1											冰肌	-1									
3	14	0	0	1											天卦	-1									
3	15	0	0	1											地卦	-1									
3	16	0	0	1											水卦	-1									
3	17	0	0	1											火卦	-1									
3	18	0	0	1											山卦	-1									
3	19	0	0	1											泽卦	-1									
3	20	0	0	1											风卦	-1									
3	21	0	0	1											雷卦	-1									
3	22	0	0	1											地之心	-1									
3	23	0	0	1											风之泪	-1									
3	24	0	0	1											水之魂	-1									
3	25	0	0	1											火之灵	-1									
3	26	0	0	1											长生谷	-1									
3	27	0	0	1											桂花糖	-1									
3	28	0	0	1											红水晶	-1									
0	0	8	1000	1											鹤嘴锄	0									
0	0	12	1000	1											鲁班斧	0									
7	49	450	0	1											力士祭	0									
7	50	451	0	1											长弓祭	0									
7	51	452	0	1											天羽祭	0									
7	52	453	0	1											连弩祭	-1									
7	53	454	0	1											火雷祭	-1									
7	54	455	0	1											碎骨祭	-1									
7	55	456	0	1											流星祭	-1									
7	56	457	0	1											追魂祭	-1									
7	57	458	0	1											风卷残云	-1									
7	58	62	0	1											盘古开天	0									
7	59	128	0	1											班门弄斧	0									
0	10	3	0	10											玉麒麟	0									
0	10	4	0	10											五色神牛	0									
0	10	5	0	10											四不像	0									
0	10	6	0	10											金凤凰	0									
0	10	7	0	10											青鸾	0									
0	10	8	0	10											朱雀	0									
0	10	9	0	10											天翔翅	0									
0	10	10	0	10											孔雀翎	0									
0	10	11	0	10											明王翼	0									
6	1	17	0	1											圣诞帽	-1									
6	0	1	0	1											太清御风丹	-1									
6	0	2	0	1											太清烈焰丹	-1									
6	0	3	0	1											太清玉晶丹	-1									
6	0	4	0	1											太清玄黄丹	-1									
6	0	5	0	1											太清归元丹	-1									
6	1	6	0	1											传送符	-1									
6	0	7	0	1											冰防丸	-1									
6	0	8	0	1											雷防丸	-1									
6	0	9	0	1											火防丸	-1									
6	0	10	0	1											毒防丸	-1									
6	1	11	0	1											变身符	-1									
6	1	12	0	1											签	-1									
6	1	13	0	1											冰皮月饼	-1									
6	1	14	0	1											合欢月饼	-1									
6	1	15	0	1											火鸡	-1									
6	1	16	0	1											圣诞树	-1									
6	1	17	0	1											圣诞帽	-1									
6	1	18	0	1											腊八粥	-1									
6	1	19	0	1											饺子	-1									
6	0	20	0	1											礼花	-1									
6	1	21	0	1											春联	-1									
6	1	22	0	1											红玫瑰	-1									
6	1	23	0	1											元宵	-1									
6	1	24	0	1											彩蛋	-1									
6	1	25	0	1											兔子	-1									
6	1	26	0	1											松枝	-1									
6	1	27	0	1											康乃馨	-1									
6	1	28	0	1											粽子	-1									
6	1	29	0	1											桂花酒	-1									
6	1	30	0	1											茱萸	-1									
6	1	31	0	1											南瓜怪	-1									
6	1	32	0	1											龙凤变身符	-1									
6	1	33	0	1											指南符	-1									
6	1	34	0	1											时空符	-1									
6	1	35	0	1											饕餮变身符	-1									
6	1	36	0	1											螭龙变身符	-1									
6	1	37	0	1											虬龙变身符	-1									
6	1	38	0	1											蛟龙变身符	-1									
6	1	39	0	1											倭人变身符	-1									
6	1	40	0	1											英招神变身符	-1									
6	1	41	0	1											野毛神变身符	-1									
6	1	42	0	1											雪妖变身符	-1									
6	1	43	0	1											岩浆兽变身符	-1									
6	1	44	0	1											雪原巨兽变身符	-1									
6	1	45	0	1											虾人变身符	-1									
6	1	46	0	1											相柳神变身符	-1									
6	1	47	0	1											夏耕尸王变身符	-1									
6	1	48	0	1											夏耕尸变身符	-1									
6	1	49	0	1											武士龟变身符	-1									
6	1	50	0	1											武罗神变身符	-1									
6	1	51	0	1											苔妖变身符	-1									
6	1	52	0	1											天吴变身符	-1									
6	1	53	0	1											铁盔鱼变身符	-1									
6	1	54	0	1											死灵变身符	-1									
6	1	55	0	1											水参变身符	-1									
6	1	56	0	1											尸蝗变身符	-1									
6	1	57	0	1											沙魂变身符	-1									
6	1	58	0	1											奢比夫人变身符	-1									
6	1	59	0	1											穷奇变身符	-1									
6	1	60	0	1											盘古变身符	-1									
6	1	61	0	1											美女蚌变身符	-1									
6	1	62	0	1											陆吾大神变身符	-1									
6	1	63	0	1											磷妖变身符	-1									
6	1	64	0	1											雷泽神变身符	-1									
6	1	65	0	1											狂鸟变身符	-1									
6	1	66	0	1											开明神变身符	-1									
6	1	67	0	1											九婴变身符	-1									
6	1	68	0	1											药篓子变身符	-1									
6	1	69	0	1											菌人变身符	-1									
6	1	70	0	1											靖人变身符	-1									
6	1	71	0	1											甲壳人变身符	-1									
6	1	72	0	1											混沌变身符	-1									
6	1	73	0	1											荒猪变身符	-1									
6	1	74	0	1											火鱼变身符	-1									
6	1	75	0	1											火邪变身符	-1									
6	1	76	0	1											幻灵变身符	-1									
6	1	77	0	1											火离小妖变身符	-1									
6	1	78	0	1											幻精变身符	-1									
6	1	79	0	1											环狗变身符	-1									
6	1	80	0	1											黑煞蜂变身符	-1									
6	1	81	0	1											红煞变身符	-1									
6	1	82	0	1											旱龟变身符	-1									
6	1	83	0	1											鬼驭变身符	-1									
6	1	84	0	1											鬼灯变身符	-1									
6	1	85	0	1											蛊雕变身符	-1									
6	1	86	0	1											飞鼠变身符	-1									
6	1	87	0	1											飞甲变身符	-1									
6	1	88	0	1											刀禽变身符	-1									
6	1	89	0	1											大踵人变身符	-1									
6	1	90	0	1											大鹏变身符	-1									
6	1	91	0	1											长乘神变身符	-1									
6	1	92	0	1											草仙变身符	-1									
6	1	93	0	1											并封变身符	-1									
6	1	94	0	1											冰灵变身符	-1									
6	1	95	0	1											冰骄虫变身符	-1									
6	1	96	0	1											北海叛军变身符	-1									
6	1	97	0	1											梼杌变身符	-1									
6	1	151	0	1											<飞天猫>	-1									
6	1	147	0	1											<啸天犬>	-1									
6	1	152	0	1											<飞兔>	-1									
6	1	153	0	1											<□>	-1									
6	1	154	0	1											<绿飞飞>	-1									
3	97	0	0	1											黄酒	-1									
3	98	0	0	1											纸钱	-1									
6	1	180	0	1											花神卷轴	0									
0	10	21	1000	1											腾雾黄骠马	0									
0	10	21	1000	2											腾雾铁甲狼	0									
0	10	21	1000	3											腾雾东北虎	0									
0	10	21	1000	4											腾雾玉麒麟	0									
0	10	21	1000	5											腾雾赤焰麒麟	0									
0	10	21	1000	6											无极腾雾赤焰麒麟	-1									
0	10	21	1000	7											腾雾赤焰麒麟	-1									
0	10	21	1000	8											腾雾赤焰麒麟	-1									
0	10	21	1000	9											腾雾赤焰麒麟	-1									
0	10	21	1000	10											腾雾赤焰麒麟	-1									
0	10	22	1000	1											腾雾林间雀	0									
0	10	22	1000	2											腾雾苍鹰	0									
0	10	22	1000	3											腾雾大鹏鸟	0									
0	10	22	1000	4											腾雾金凤凰	0									
0	10	22	1000	5											腾雾应龙	0									
0	10	22	1000	6											无极腾雾应龙	-1									
0	10	22	1000	7											腾雾应龙	-1									
0	10	22	1000	8											腾雾应龙	-1									
0	10	22	1000	9											腾雾应龙	-1									
0	10	22	1000	10											腾雾应龙	-1									
0	10	23	1000	1											腾雾蝴蝶翅	0									
0	10	23	1000	2											腾雾风雷翅	0									
0	10	23	1000	3											腾雾冲霄翅	0									
0	10	23	1000	4											腾雾天翔翅	0									
0	10	23	1000	5											腾雾风雷双翼	0									
0	10	23	1000	6											无极腾雾冲霄翅	-1									
0	10	23	1000	7											腾雾风雷双翼	-1									
0	10	23	1000	8											腾雾风雷双翼	-1									
0	10	23	1000	9											腾雾风雷双翼	-1									
0	10	23	1000	10											腾雾风雷双翼	-1									
8	162	3	0	1											生命清露	-1									
8	163	4	0	1											日月真气	-1									
8	198	3	0	1											保佑清露	-1									
8	199	4	0	1											山水真气	-1									
8	14	0	0	1											玉清玉晶散	-1									
8	25	0	0	1											玉清仪玄散	-1									
8	258	2	0	1											跑商回程符	-1									
8	291	2	0	1											超级回城符	-1									
8	33	2	0	1											观音水	-1									
8	197	2	0	1											归魂珠	-1									
8	32	5	0	1											赎魂珠	-1									
8	133	0	0	1											神驹符	-1									
8	30	2	0	1											指南珠	-1									
8	191	2	0	1											沉淀之瞳	-1									
8	201	5	0	1											归真石	-1									
8	168	2	0	1											11级伯乐之镜	-1									
8	169	2	0	1											12级伯乐之镜	-1									
8	170	2	0	1											13级伯乐之镜	-1									
8	239	2	0	1											绿松石	-1									
8	240	2	0	1											上等绿松石	-1									
8	241	2	0	1											特等绿松石	-1									
8	329	2	0	1											灵犀密钥	-1									
8	303	2	0	1											引魂香	-1									
8	214	2	0	1											行军令	-1									
8	206	5	0	1											天仙水	-1									
8	207	5	0	1											炼丹炉	-1									
8	196	2	0	1											赎魂灯	-1									
8	266	2	0	1											花清露	-1									
8	268	2	0	1											犒赏军令	-1									
8	186	0	0	1											城市摆摊许可	-1									
8	254	2	0	1											银击子	-1									
8	255	2	0	1											铜击子	-1									
8	256	2	0	1											转运竹	-1									
8	166	2	0	1											八景蓝阳丹	-1									
8	226	2	0	1											八景归真丹	-1									
8	233	0	0	1											罗汉号角	-1									
8	31	2	0	1											幸运花神手帕	-1									
8	278	2	0	1											小队美女蚌变身符	-1									
8	276	2	0	1											小队盘古变身符	-1									
8	82	2	0	1											九婴变身符	-1									
8	109	2	0	1											冰灵变身符	-1									
8	95	2	0	1											黑煞蜂变身符	-1									
8	101	2	0	1											飞鼠变身符	-1									
8	161	2	0	1											我爱你变身符	-1									
8	194	2	0	1											心心相印变身符	-1									
8	48	2	0	1											吉祥护身符	-1									
8	381	3	0	1											如意生命清露	2									
8	382	4	0	1											如意日月真气	2									
8	383	3	0	1											如意保佑清露	2									
8	384	4	0	1											如意山水真气	2									
8	470	2	0	1											如意玲珑锁	2									
8	567	2	0	1											如意野外传送符	2									
8	634	2	0	1											如意替身纸人	2									
8	716	2	0	1											如意紫金印	2									
8	389	2	0	1											如意行军令	2									
8	32	5	0	1											赎魂珠	-1									
8	391	2	0	1											如意指南珠	2									
8	392	2	0	1											如意风符应签	2									
8	735	3	0	1											超级如意保佑清露	2									
8	736	4	0	1											超级如意山水真气	2									
8	779	3	0	1											如意小生命清露	2									
8	780	4	0	1											如意小日月真气	2									
8	781	2	0	1											如意回国符	2									
8	782	0	0	1											如意临仙露	2									
8	395	2	0	1											如意逍遥神仙散	2									
8	396	2	0	1											如意玉清神仙散	2									
8	397	2	0	1											如意天降财神	2									
8	398	2	0	1											如意天香续命	2									
8	399	2	0	1											如意罗汉号角	2									
8	400	2	0	1											如意开采许可	2									
8	401	2	0	1											如意城市摆摊许可	2									
8	407	2	0	1											如意七卦礼盒	-1									
8	269	2	0	1											碎布	-1									
8	270	2	0	1											厚布	-1									
0	4	33	1000	2	70	0									2级归真镜	3									
0	4	33	1000	3	140	0									3级归真镜	3									
0	4	33	1000	4	240	2									4级归真镜	3									
0	4	33	1000	5	280	3									5级归真镜	3									
3	241	0	0	0	5	3									抱朴石	3									
6	1	393	0	1	1	0									地行甲马	3									
6	1	394	0	1	1	0									水行甲马	3									
6	1	395	0	1	2	2									火行甲马	3									
6	1	396	0	1	2	3									风行甲马	3									
1	17	0	0	1	1	3									不死药	3									
1	18	0	0	1	1	3									忘缘丹	3									
6	1	278	0	1			1000								破军·斩龙盔	4									
6	1	279	0	1			1000								破军·元始冠	4									
6	1	280	0	1			1000								破军·神鹰胄	4									
0	2	9	5	9			3000								黄金震旦甲	4									
0	2	10	10	9			3000								鸿钧道袍	4									
0	2	11	15	9			3000								亢龙护甲	4									
6	1	287	0	1				1000							破军·斩龙披风	5									
6	1	288	0	1				1000							破军·元始令	5									
6	1	289	0	1				1000							破军·神鹰结	5									
0	9	6	5	9				3000							震旦披风	5									
0	9	7	10	9				3000							鸿钧令	5									
0	9	8	15	9				3000							亢龙结	5									
6	1	398	0	1											混天绫	0									
3	242	0	0	0	20	0									桃木枝	3									
0	4	34	1000	1					50	0					镇魂石[一级]（任务装备）	6									
0	4	34	1000	2					100	3					镇魂石[二级]（任务装备）	6									
0	4	34	1000	3					500	6					镇魂石[三级]（任务装备）	6									
0	4	34	1000	4					1500	17					镇魂石[四级]（任务装备）	6									
0	4	34	1000	5					8000	99					镇魂石[五级]（任务装备）	6									
3	174	0	0	1					60						催锋令	6									
6	1	404	0	1							1000				凡品莹星灵石	7									
6	1	405	0	1							4000				精品莹星灵石	7									
0	10	30	0	1							8000				神雷角犀	7									
0	10	31	0	1							8000				四翼明尊	7									
0	10	32	0	1							8000				裂空曜翼	7									
0	7	12	0	1											玄穹盔	0									
0	7	13	0	1											明光冠	0									
0	7	14	0	1											天禄胄	0									
0	2	12	0	1											神伏玄穹甲	0									
0	2	13	0	1											明光道袍	0									
0	2	14	0	1											天禄护甲	0									
0	9	12	0	1											玄穹披风	0									
0	9	13	0	1											明光令	0									
0	9	14	0	1											天禄结	0									
0	6	12	0	1											玄穹腰带	0									
0	6	13	0	1											明光巾子	0									
0	6	14	0	1											天禄腰带	0									
0	5	12	0	1											玄穹战靴	0									
0	5	13	0	1											明光履	0									
0	5	14	0	1											天禄靴	0									
1	19	0	0	1											补心丹	0									
1	22	0	0	1											回元丹	0									
0	0	35	0	1											天刃	0									
0	0	36	0	1											赤火剑	0									
0	0	37	0	1											天幕钺	0									
3	323	0	0	0							8000				飞廉之尾	7									
3	325	0	0	0							8000				鬼车之翼	8									
6	1	435	0	1							6000				驭风符	7									
6	1	406	0	1							6000				凡品皓月	7									
6	1	407	0	1							9000				精品皓月	7									
0	0	62	0	1											云戟	0									
6	1	431	1070	1							3000				图谱：白莲法器	7									
3	336	0	0	0							5500				头盔模具	7									
3	337	0	0	0							9000				腰带模具	7									
3	338	0	0	0							12000				靴子模具	7									
3	358	0	0	0							5000				武器模具	7									
3	368	0	0	0							21000				30级仙界法宝合成道具	7									
3	369	0	0	0							21000				30级魔界法宝合成道具	8									
3	370	0	0	0							35000				40级仙界法宝合成道具	7									
3	371	0	0	0							35000				40级魔界法宝合成道具	8									
6	1	478	0	1											手套	0									
3	372	0	0	0							26000				牙玉手板	7									
3	414	0	0	0							15000				护甲模具	7									
3	415	0	0	0							15000				披风模具	7									
1	20	0	0	1											中补心丹	0									
1	23	0	0	1											中回元丹	0									
3	429	0	0	0							150000				圣曜五色石	7									
3	430	0	0	0							170000				圣曜七彩石	7									
3	431	0	0	0							150000				虚仪五色石	7									
3	432	0	0	0							170000				虚仪七彩石	7									
3	433	0	0	0							150000				鸾舞五色石	7									
3	434	0	0	0							170000				鸾舞七彩石	7									
3	324	0	0	0							67000				毕方飞羽	7									
3	326	0	0	0							67000				犼鳞	8									
0	10	33	0	1							58000				噬天龙犼	7									
0	10	34	0	1							58000				碧羽明尊	7									
0	10	35	0	1							58000				冰渊冥翼	7									
6	1	542	0	1											锄头	0									
6	1	551	1071	1							150000				#у Ph?Thanh Li猲 Ph竝 kh?7										
6	1	552	1072	1							150000				#у Ph?Thanh Li猲 Ph竝 kh?7										
6	1	553	1073	1							150000				#у Ph?Thanh Li猲 Ph竝 kh?7										
6	1	554	1074	1							150000				#у Ph?H錸g Li猲 Ph竝 kh?8										
6	1	555	1075	1							150000				#у Ph?H錸g Li猲 Ph竝 kh?8										
6	1	556	1076	1							150000				#у Ph?H錸g Li猲 Ph竝 kh?8										
6	1	576	0	0							15000				奔雷咒	7									
3	483	0	0	0							194500				70级仙界法宝合成模具	7									
3	484	0	0	0							194500				70级魔界法宝合成模具	8									
3	479	0	0	0							100000				六合刀模具	7									
3	480	0	0	0							100000				八荒斧模具	7									
3	481	0	0	0							100000				冥寂剑模具	7									
3	482	0	0	0							100000				巫神钺模具	7									
6	1	705	0	0											鱼饵	0									
0	0	71	0	1											鱼竿	0									
6	1	706	0	0								5			冲车	10									
6	1	707	0	0								5			弩车	10									
6	1	708	0	0								4			陷阱	10									
6	1	709	0	0								4			拒马	10									
6	1	711	0	0								2			封神令	10									
6	1	718	0	0								1			捆仙令	10									
6	1	712	0	0								2			火龙令	10									
6	1	713	0	0								1			石仙令	10									
6	1	714	0	0								2			彩云令	10									
6	1	710	0	0								1			急急如律令	10									
6	1	956	0	0								3			炎龙令	10									
6	1	744	0	0											巫祈式神符	-1									
6	1	745	0	0											地灵式神符	-1									
6	1	746	0	0											天君式神符	-1									
6	1	747	0	0											洞天回城符	-1									
3	581	0	0	1											魂咒：聚华化伤2级	-1									
3	602	0	0	1											魂咒：天神怒吼2级	-1									
3	623	0	0	1											魂咒：风雷护体2级	-1									
3	644	0	0	1											魂咒：安魂净土2级	-1									
3	665	0	0	1											魂咒：冰晶重生2级	-1									
3	686	0	0	1											魂咒：焚火图腾2级	-1									
3	707	0	0	1											魂咒：福泽天佑2级	-1									
3	728	0	0	1											魂咒：惑心咒2级	-1									
3	587	0	0	1											魂咒：狂心斩1级	-1									
3	608	0	0	1											魂咒：碧月斩1级	-1									
3	629	0	0	1											魂咒：炼狱闪电1级	-1									
3	650	0	0	1											魂咒：地火焚天1级	-1									
3	671	0	0	1											魂咒：千里追魂1级	-1									
3	692	0	0	1											魂咒：火星坠落1级	-1									
3	713	0	0	1											魂咒：骤雨暴风1级	-1									
3	734	0	0	1											魂咒：破军咒1级	-1									
6	1	711	0	0											封神令	-1									
6	1	718	0	0											捆仙令	-1									
6	1	712	0	0											火龙令	-1									
6	1	713	0	0											石仙令	-1									
6	1	710	0	0											急急如律令	-1									
3	1020	0	0	1										2	人魂精华	11									
3	1024	0	0	1										3	地魂精华	11									
3	1031	0	0	1										4	天魂精华	11									
3	1021	0	0	1									8000	4	甲士鞋子模具	11									
3	1022	0	0	1									8000	4	道士鞋子模具	11									
3	1023	0	0	1									8000	4	异人鞋子模具	11									
3	1025	0	0	1									1500	3	甲士头盔模具	11									
3	1026	0	0	1									1500	3	道士头盔模具	11									
3	1027	0	0	1									1500	3	异人头盔模具	11									
3	1028	0	0	1									2000	3	甲士腰带模具	11									
3	1029	0	0	1									2000	3	道士腰带模具	11									
3	1030	0	0	1									2000	3	异人腰带模具	11									
3	1032	0	0	1									20000	5	甲士护甲模具	11									
3	1033	0	0	1									20000	5	道士护甲模具	11									
3	1034	0	0	1									20000	5	异人护甲模具	11									
3	1035	0	0	1									20000	5	甲士披风模具	11									
3	1036	0	0	1									20000	5	道士披风模具	11									
3	1037	0	0	1									20000	5	异人披风模具	11									
3	1038	0	0	1									20000	5	甲士坐骑模具	11									
3	1039	0	0	1									20000	5	道士坐骑模具	11									
3	1040	0	0	1									20000	5	异人坐骑模具	11									
3	1062	0	0	1									30000	6	孤问戟戟魂	11									
3	1063	0	0	1									30000	6	泣龙刀刀魂	11									
3	1064	0	0	1									30000	6	千仞剑剑魂	11									
3	1065	0	0	1									30000	6	赦生钺钺魂	11									
4	294	0	0	0											氏族战旗	11									
6	1	699	0	1									100	6	免疫混乱配方	11									
6	1	700	0	1									100	6	免疫毒配方	11									
6	1	701	0	1									100	5	免疫麻痹配方	11									
6	1	702	0	1									100	5	免疫冰冻配方	11									
1	25	0	0	1										2	补血丹	11									
1	26	0	0	1										2	补神丹	11									
1	27	0	0	1										3	珍佑清露	11									
1	28	0	0	1										3	星云真气	11									
8	425	2	0	1											吸魂葫芦	-1									
8	378	2	0	1											玉琉璃杯	-1									
8	379	2	0	1											机关神术	-1									
8	380	2	0	1											女娲石	-1									
3	1101	0	0	0	30	4									精致抱朴石	3									
3	1161	0	0	1											糯米	0									
8	516	2	0	1											诛邪剑	-1									
8	531	2	0	1											朱雀令牌	-1									
0	10	60	1000	1							5000				腾雾神雷角犀	7									
0	10	61	1000	1							5000				腾雾四翼明尊	7									
0	10	62	1000	1							5000				腾雾裂空曜翼	7									
0	10	63	1000	1							50000				腾雾噬天龙犼	7									
0	10	64	1000	1							50000				腾雾碧羽明尊	7									
0	10	65	1000	1							50000				腾雾冰渊冥翼	7									
6	1	739	0	1											引髓针	0									
6	1	1011	0	1							60000				#у ph?ph竝 kh?H綾 Li猲	7									
6	1	1012	0	1							185000				#у ph?Ph竝 kh?T?Li猲(Ti猲)	7									
6	1	1013	0	1							185000				#у ph?Ph竝 kh?T?Li猲(Ma)	8									
3	1237	0	0	1					2500	30					镇魂晶魄	6									
6	1	1174	0	1									3000	0	神霄印	11									
6	1	1175	0	1									5000	0	天罡印	11									
6	1	1189	0	1									8000	0	通天伏魔印	11									
6	1	1177	0	1									9000	0	通天伏魔印+1	11									
6	1	1178	0	1									10000	0	通天伏魔印+2	11									
6	1	1179	0	1									11000	0	通天伏魔印+3	11									
3	1272	0	0	1							1000				皓天精华	7									
6	1	1652	0	1					3						四象小礼包（绑定）	6									
6	1	1653	0	1					1						六道小礼包（绑定）	6									
6	1	1654	0	1					10						七卦小礼包（绑定）	6									
6	1	1655	0	1					180						寿山石小礼包（绑定）	6									
0	13	6	3000	6									15000		人皇破军印	11									
0	13	7	3000	7									15000		太清无为印	11									
0	13	8	3000	8									15000		东皇万灵印	11									
3	1644	0	0	0					200						神印精华	6									
3	1645	0	0	0					800						神印精粹	6									
6	1	404	0	1							1000				凡品莹星灵石	8									
6	1	405	0	1							4000				精品莹星灵石	8									
6	1	406	0	1							6000				凡品皓月	8									
6	1	407	0	1							9000				精品皓月	8									
0	10	30	0	1							8000				神雷角犀	8									
0	10	31	0	1							8000				四翼明尊	8									
0	10	32	0	1							8000				裂空曜翼	8									
6	1	435	0	1							6000				驭风符	8									
6	1	576	0	0							15000				奔雷咒	8									
6	1	431	1070	1							3000				图谱：白莲法器	8									
3	336	0	0	0							5500				头盔模具	8									
3	337	0	0	0							9000				腰带模具	8									
3	338	0	0	0							12000				靴子模具	8									
3	358	0	0	0							5000				武器模具	8									
3	372	0	0	0							26000				牙玉手板	8									
3	414	0	0	0							15000				护甲模具	8									
3	415	0	0	0							15000				披风模具	8									
6	1	1011	0	1							60000				#у ph?ph竝 kh?H綾 Li猲	8									
3	1272	0	0	1							1000				皓天精华	8									
3	429	0	0	0							150000				圣曜五色石	8									
3	430	0	0	0							170000				圣曜七彩石	8									
3	431	0	0	0							150000				虚仪五色石	8									
3	432	0	0	0							170000				虚仪七彩石	8									
3	433	0	0	0							150000				鸾舞五色石	8									
3	434	0	0	0							170000				鸾舞七彩石	8									
3	479	0	0	0							100000				六合刀模具	8									
3	480	0	0	0							100000				八荒斧模具	8									
3	481	0	0	0							100000				冥寂剑模具	8									
3	482	0	0	0							100000				巫神钺模具	8									
0	10	33	0	1							58000				噬天龙犼	8									
0	10	34	0	1							58000				碧羽明尊	8									
0	10	35	0	1							58000				冰渊冥翼	8									
0	10	60	1000	1							5000				腾雾神雷角犀	8									
0	10	61	1000	1							5000				腾雾四翼明尊	8									
0	10	62	1000	1							5000				腾雾裂空曜翼	8									
0	10	63	1000	1							50000				腾雾噬天龙犼	8									
0	10	64	1000	1							50000				腾雾碧羽明尊	8									
0	10	65	1000	1							50000				腾雾冰渊冥翼	8									
6	1	706	0	0								5			冲车	9									
6	1	707	0	0								5			弩车	9									
6	1	708	0	0								4			陷阱	9									
6	1	709	0	0								4			拒马	9									
6	1	711	0	0								2			封神令	9									
6	1	718	0	0								1			捆仙令	9									
6	1	712	0	0								2			火龙令	9									
6	1	713	0	0								1			石仙令	9									
6	1	714	0	0								2			彩云令	9									
6	1	710	0	0								1			急急如律令	9									
6	1	956	0	0								3			炎龙令	9									
6	1	1917	0	0					10	30					晶石自选包	6									
6	1	1952	1081	1							150000				#у Ph?Thanh Li猲 Ph竝 kh?7										
6	1	1953	1082	1							150000				#у Ph?Thanh Li猲 Ph竝 kh?7										
6	1	1954	1083	1							150000				#у Ph?Thanh Li猲 Ph竝 kh?7										
6	1	1955	1084	1							150000				#у Ph?H錸g Li猲 Ph竝 kh?8										
6	1	1956	1085	1							150000				#у Ph?H錸g Li猲 Ph竝 kh?8										
6	1	1957	1086	1							150000				#у Ph?H錸g Li猲 Ph竝 kh?8										
6	1	1958	0	1							185000				#у ph?Ph竝 kh?T?Li猲(Ti猲)	7									
6	1	1959	0	1							185000				#у ph?Ph竝 kh?T?Li猲(Ma)	8									
6	1	1988	0	0											神蕴之晶	13	800	1	1						
8	2238	2	0	0											催锋令礼包	13	800	1	1						
6	1	1998	0	0											小功勋奖章	13	1000	1	2						
6	1	1997	0	0											大仙魔古卷	13	5000	1	2						
8	2270	2	0	0											杏花酒礼包	13	300	1	1						
8	1658	2	0	0											击水破沙	13	200								
8	1657	2	0	0											冰封火噬	13	300								
8	198	3	0	0											保佑清露	13	100								
8	199	4	0	0											山水真气	13	100								
8	1316	6	0	0											金溢卡	13	1500								
8	1346	2	0	0											精致炫彩水银	14				0:15000;180:10000	0:180;181:inf				
8	508	2	0	0											高级精石	14				6.805555556	0:inf				
8	283	2	0	0											高级武器精元	14				0:39900;180:20000	0:180;181:inf				
8	284	2	0	0											高级装备精元	14				0:29900;180:15000	0:180;181:inf				
8	1949	2	0	0											一箱神将谕令	14				0:6800;180:4000	0:180;181:inf				
8	1953	2	0	0											超级保佑清露	14				0.277777778	0:inf				
8	1954	2	0	0											超级山水真气	14				0.277777778	0:inf				
8	289	2	0	0											至尊礼包	14				0:600;180:300	0:180;181:inf				
8	1433	2	0	0						1					燎日凌云装	15	20000						4		
8	1435	2	0	0						1					游龙金凤装	15	20000						4		
8	1564	2	0	0						1					隆冬圣诞装	15	15000						4		
8	1516	2	0	0						1					骄阳似火装	15	15000						4		
8	1554	2	0	0						1					秋意正浓装	15	15000						4		
8	1680	2	0	0											炼魂符银卡	14				1.527777778	0:inf				
8	2247	2	0	0											八景太极丹（在线版）	14				0.347222222	0:inf				
8	2264	2	0	0											伪.甲马	14				1.944444444	0:inf				
8	509	2	0	0											夷光镜	14				0.625	0:inf				
8	1015	2	0	0											中级魂晶	14				0:12900	0:inf				
8	2276	2	0	0											金刚石	14				0.694444444	0:inf				
8	1316	2	0	0											金溢卡	14				1.041666667	0:inf				
0	14	0	0	19											黄金咒印·防御	14				0:50000	0:inf				
0	14	0	0	20											黄金咒印·生命	14				0:50000	0:inf				
0	14	0	0	21											黄金咒印·闪避	14				0:50000	0:inf				
0	14	0	0	22											黄金咒印·攻击	14				0:50000	0:inf				
0	14	0	0	23											黄金咒印·火伤	14				0:50000	0:inf				
0	14	0	0	24											黄金咒印·冰伤	14				0:50000	0:inf				
0	14	0	0	25											黄金咒印·雷伤	14				0:50000	0:inf				
0	14	0	0	26											黄金咒印·土伤	14				0:50000	0:inf				
0	14	0	0	27											黄金咒印·命中	14				0:50000	0:inf				
8	1346	2	0	0											精致炫彩水银	16					0:180;181:inf	0:15000;180:10000			
8	508	2	0	0											高级精石	16					0:inf	6.805555556			
8	283	2	0	0											高级武器精元	16					0:180;181:inf	0:39900;180:20000			
8	284	2	0	0											高级装备精元	16					0:180;181:inf	0:29900;180:15000			
8	1949	2	0	0											一箱神将谕令	16					0:180;181:inf	0:6800;180:4000			
8	1953	2	0	0											超级保佑清露	16					0:inf	0.277777778			
8	1954	2	0	0											超级山水真气	16					0:inf	0.277777778			
8	289	2	0	0											至尊礼包	16					0:180;181:inf	0:600;180:300			
8	1680	2	0	0											炼魂符银卡	16					0:inf	1.527777778			
8	2247	2	0	0											八景太极丹（在线版）	16					0:inf	0.347222222			
8	2264	2	0	0											伪.甲马	16					0:inf	1.944444444			
8	509	2	0	0											夷光镜	16					0:inf	0.625			
8	1015	2	0	0											中级魂晶	16					0:inf	0:12900			
8	2276	2	0	0											金刚石	16					0:inf	0.694444444			
8	1316	2	0	0											金溢卡	16					0:inf	1.041666667			
0	14	0	0	19											黄金咒印·防御	16					0:inf	0:50000			
0	14	0	0	20											黄金咒印·生命	16					0:inf	0:50000			
0	14	0	0	21											黄金咒印·闪避	16					0:inf	0:50000			
0	14	0	0	22											黄金咒印·攻击	16					0:inf	0:50000			
0	14	0	0	23											黄金咒印·火伤	16					0:inf	0:50000			
0	14	0	0	24											黄金咒印·冰伤	16					0:inf	0:50000			
0	14	0	0	25											黄金咒印·雷伤	16					0:inf	0:50000			
0	14	0	0	26											黄金咒印·土伤	16					0:inf	0:50000			
0	14	0	0	27											黄金咒印·命中	16					0:inf	0:50000			
8	1953	2	0	0											超级保佑清露	13	390								
8	1954	2	0	0											超级山水真气	13	390								
8	374	2	0	0											逍遥神仙散	13	290								
8	375	2	0	0											玉清神仙散	13	1370								
8	1843	2	0	0											太清七星散	13	1890								
8	1845	2	0	0											太清惊风散	13	1890								
8	1807	2	0	0											玉清全家福仙肴	13	590								
8	1953	2	0	0											超级保佑清露	15	120						1		
8	1954	2	0	0											超级山水真气	15	120						1		
8	2276	2	0	0											金刚石	15	300						1		
8	507	2	0	0											中级精石	15	500						1		
8	1557	2	0	0											天灵石大礼包	15	500						1		
8	1316	2	0	0											金溢卡	15	600						1		
8	1949	2	0	0											一箱神将谕令	15	1800						1		
8	1015	2	0	0											中级魂晶	15	3200						1		
8	2277	2	0	0											精致金刚石	15	1500						2		
8	508	2	0	0											高级精石	15	3000						2		
8	1346	2	0	0											精致炫彩水银	15	3000						2		
8	2275	2	0	0											精致归元镜	15	9000						2		
8	1316	2	0	0											金溢卡	17	450				0	0.3125			
8	1953	2	0	0											超级保佑清露	17	120				0	0.083333333			
8	1954	2	0	0											超级山水真气	17	120				0	0.083333333			
8	269	2	0	1											碎布	17	84				0	0.058333333			
8	270	2	0	1											厚布	17	864				0	0.6			
8	509	2	0	0											夷光镜	17	270				0	0.1875		1	2
8	1949	2	0	0											一箱神将谕令	17	1200				0	0:2040;180:1200			
8	289	2	0	0											至尊礼包	17	90				0	0:180;180:90			
8	2276	2	0	0											金刚石	17	300				0	0.625			
8	506	2	0	0											初级精石	17	90				0	0.0625			
8	507	2	0	0											中级精石	17	540				0	0.375			
8	371	2	0	0											初级装备精华	17	2070				0	1.4375			
8	373	2	0	0											高级装备精华	17	17970				0	0:17970			
8	2277	2	0	0											精致金刚石	17	1500				181	180:1500			
8	508	2	0	0											高级精石	17	2940				181	180:2940			
8	2275	2	0	0											精致归元镜	17	8970				181	180:8970			
6	1	2105	0	1			1000								破军·幽冥鍪	4									
0	2	313	5	9			3000								冥渊革甲	4									
6	1	2108	0	1				1000							破军·幽冥披风	5									
0	9	313	5	9				3000							冥渊披风	5									
7	92	1567	0	1											劲弓	0									
7	93	1568	0	1											雄姿	0									
7	94	1569	0	1											鹰眼	0									
7	95	1570	0	1											疾行	-1									
7	96	1571	0	1											精通长弓	-1									
7	97	1572	0	1											陷阱	-1									
7	98	1573	0	1											急救	-1									
7	99	1574	0	1											适性	-1									
7	100	1575	0	1											反击	-1									
7	84	1559	0	1											透骨矢	0									
7	85	1560	0	1											一人成军	0									
7	86	1561	0	1											电光	0									
7	87	1562	0	1											引爆	-1									
7	88	1563	0	1											隐身	-1									
7	89	1564	0	1											极寒	-1									
7	90	1565	0	1											狙杀	-1									
7	91	1566	0	1											百步穿杨	-1									
0	10	596	0	1											红狐	0									
0	10	596	0	2											红狐	0									
0	10	596	0	3											红狐	0									
0	10	596	0	4											红狐	0									
0	10	596	0	5											红狐	0									
0	10	596	0	6											红狐	0									
0	10	596	0	7											红狐	0									
0	10	596	0	8											红狐	0									
0	10	596	0	9											红狐	0									
0	10	596	0	10											红狐	0									
0	0	316	0	1											军需弓	0									
0	0	316	0	2											碎甲弓	0									
0	0	316	0	3											追风弓	0									
0	0	316	0	4											连珠弓	0									
0	0	316	0	5											裁决弓	0									
0	0	316	0	6											破阵弓	0									
0	0	316	0	7											穿云弓	0									
0	0	316	0	8											猎影弓	0									
0	0	316	0	9											秋水弓	0									
0	0	316	0	10											龙脊弓	0									
0	0	317	0	1											军需弓	-1									
0	0	317	0	2											碎甲弓	-1									
0	0	317	0	3											追风弓	-1									
0	0	317	0	4											连珠弓	-1									
0	0	317	0	5											裁决弓	-1									
0	0	317	0	6											破阵弓	-1									
0	0	317	0	7											穿云弓	-1									
0	0	317	0	8											猎影弓	-1									
0	0	317	0	9											秋水弓	-1									
0	0	317	0	10											龙脊弓	-1									
0	2	310	0	1											迅鹿革甲	0									
0	2	310	0	2											猎鹰革甲	0									
0	2	310	0	3											玄木革甲	0									
0	2	310	0	4											骁勇革甲	0									
0	2	310	0	5											傲骨革甲	0									
0	2	310	0	6											勇烈革甲	0									
0	2	310	0	7											雷霆革甲	0									
0	2	310	0	8											离火革甲	0									
0	2	310	0	9											幽冥革甲	0									
0	2	310	0	10											冥渊革甲	0									
0	2	311	0	1											猎鹰革甲	-1									
0	2	311	0	2											猎鹰革甲	-1									
0	2	311	0	3											骁勇革甲	-1									
0	2	311	0	4											骁勇革甲	-1									
0	2	311	0	5											勇烈革甲	-1									
0	2	311	0	6											勇烈革甲	-1									
0	2	311	0	7											离火革甲	-1									
0	2	311	0	8											离火革甲	-1									
0	2	311	0	9											冥渊革甲	-1									
0	2	311	0	10											冥渊革甲	-1									
0	7	310	0	1											迅鹿鍪	0									
0	7	310	0	2											猎鹰鍪	0									
0	7	310	0	3											玄木鍪	0									
0	7	310	0	4											骁勇鍪	0									
0	7	310	0	5											傲骨鍪	0									
0	7	310	0	6											勇烈鍪	0									
0	7	310	0	7											雷霆鍪	0									
0	7	310	0	8											离火鍪	0									
0	7	310	0	9											幽冥鍪	0									
0	7	310	0	10											冥渊鍪	0									
0	7	311	0	1											猎鹰鍪	-1									
0	7	311	0	2											猎鹰鍪	-1									
0	7	311	0	3											骁勇鍪	-1									
0	7	311	0	4											骁勇鍪	-1									
0	7	311	0	5											勇烈鍪	-1									
0	7	311	0	6											勇烈鍪	-1									
0	7	311	0	7											离火鍪	-1									
0	7	311	0	8											离火鍪	-1									
0	7	311	0	9											冥渊鍪	-1									
0	7	311	0	10											冥渊鍪	-1									
0	5	310	0	1											迅鹿战靴	0									
0	5	310	0	2											猎鹰战靴	0									
0	5	310	0	3											玄木战靴	0									
0	5	310	0	4											骁勇战靴	0									
0	5	310	0	5											傲骨战靴	0									
0	5	310	0	6											勇烈战靴	0									
0	5	310	0	7											雷霆战靴	0									
0	5	310	0	8											离火战靴	0									
0	5	310	0	9											幽冥战靴	0									
0	5	310	0	10											冥渊战靴	0									
0	5	311	0	1											猎鹰战靴	-1									
0	5	311	0	2											猎鹰战靴	-1									
0	5	311	0	3											骁勇战靴	-1									
0	5	311	0	4											骁勇战靴	-1									
0	5	311	0	5											勇烈战靴	-1									
0	5	311	0	6											勇烈战靴	-1									
0	5	311	0	7											离火战靴	-1									
0	5	311	0	8											离火战靴	-1									
0	5	311	0	9											冥渊战靴	-1									
0	5	311	0	10											冥渊战靴	-1									
0	6	310	0	1											迅鹿护腰	0									
0	6	310	0	2											猎鹰护腰	0									
0	6	310	0	3											玄木护腰	0									
0	6	310	0	4											骁勇护腰	0									
0	6	310	0	5											傲骨护腰	0									
0	6	310	0	6											勇烈护腰	0									
0	6	310	0	7											雷霆护腰	0									
0	6	310	0	8											离火护腰	0									
0	6	310	0	9											幽冥护腰	0									
0	6	310	0	10											冥渊护腰	0									
0	6	311	0	1											猎鹰护腰	-1									
0	6	311	0	2											猎鹰护腰	-1									
0	6	311	0	3											骁勇护腰	-1									
0	6	311	0	4											骁勇护腰	-1									
0	6	311	0	5											勇烈护腰	-1									
0	6	311	0	6											勇烈护腰	-1									
0	6	311	0	7											离火护腰	-1									
0	6	311	0	8											离火护腰	-1									
0	6	311	0	9											冥渊护腰	-1									
0	6	311	0	10											冥渊护腰	-1									
0	9	310	0	1											迅鹿披风	0									
0	9	310	0	2											猎鹰披风	0									
0	9	310	0	3											玄木披风	0									
0	9	310	0	4											骁勇披风	0									
0	9	310	0	5											傲骨披风	0									
0	9	310	0	6											勇烈披风	0									
0	9	310	0	7											雷霆披风	0									
0	9	310	0	8											离火披风	0									
0	9	310	0	9											幽冥披风	0									
0	9	310	0	10											冥渊披风	0									
0	9	311	0	1											猎鹰披风	-1									
0	9	311	0	2											猎鹰披风	-1									
0	9	311	0	3											骁勇披风	-1									
0	9	311	0	4											骁勇披风	-1									
0	9	311	0	5											勇烈披风	-1									
0	9	311	0	6											勇烈披风	-1									
0	9	311	0	7											离火披风	-1									
0	9	311	0	8											离火披风	-1									
0	9	311	0	9											冥渊披风	-1									
0	9	311	0	10											冥渊披风	-1									
0	10	597	0	10											红狐	0									
0	10	598	0	10											灵鹿	0									
0	10	599	0	10											藏羊	0									
0	10	603	1000	1											腾雾红狐	0									
0	10	603	1000	2											腾雾红狐	0									
0	10	603	1000	3											腾雾灵鹿	0									
0	10	603	1000	4											腾雾藏羊	0									
0	10	603	1000	5											腾雾幽冥豹	0									
0	10	603	1000	6											无极腾雾幽冥豹	-1									
0	10	603	1000	7											腾雾幽冥豹	-1									
0	10	603	1000	8											腾雾幽冥豹	-1									
0	10	603	1000	9											腾雾幽冥豹	-1									
0	10	603	1000	10											腾雾幽冥豹	-1									
0	10	606	0	1							8000				独角魔狰	7									
0	10	607	0	1							8000				烈焰魔狰	7									
0	10	611	0	1							8000				迅雷灵狰	7									
0	7	314	0	1											鹰凖鍪	0									
0	2	314	0	1											鹰凖革甲	0									
0	9	314	0	1											鹰凖披风	0									
0	6	314	0	1											鹰凖护腰	0									
0	5	314	0	1											鹰凖战靴	0									
3	5703	0	0	0							150000				天灾五色石	7									
3	5704	0	0	0							170000				天灾七彩石	7									
0	10	607	0	1							58000				烈焰魔狰	7									
0	10	616	1000	1							5000				腾雾独角魔狰	8									
0	10	617	1000	1							50000				腾雾烈焰魔狰	8									
0	13	9	3000	8									15000		伏羲八卦印	11									
0	10	606	0	1							8000				独角魔狰	8									
0	10	607	0	1							8000				烈焰魔狰	8									
0	10	611	0	1							8000				迅雷灵狰	8									
6	1	2126	1091	1							150000				图谱：青莲法器										
6	1	2129	1092	1							150000				图谱：红莲法器										
6	1	2127	1095	1							150000				图谱：青莲法器										
6	1	2128	1096	1							150000				图谱：红莲法器										
6	1	2131	0	1							185000				图谱：紫莲法器（仙）	7									
6	1	2133	0	1							185000				图谱：紫莲法器（魔）	8									
6	1	2130	0	1							185000				图谱：紫莲法器（仙）	7									
6	1	2132	0	1							185000				图谱：紫莲法器（魔）	8									
0	0	324	0	1											裂地弓	0									
0	10	616	1000	1							5000				腾雾独角魔狰	7									
0	10	617	1000	1							50000				腾雾烈焰魔狰	7									
3	5703	0	0	0							150000				天灾五色石	8									
3	5704	0	0	0							170000				天灾七彩石	8									
3	5706	0	0	0							100000				摧山弓模具	7									
3	5706	0	0	0							100000				摧山弓模具	8									
6	1	2173	0	0											太虚花精	13	800	1	1						
3	5520	0	0	0											精致炫彩水银	16					0:180;181:inf	0:200;180:200			
3	5521	0	0	0											精致炫彩水银	16					0:180;181:inf	0:800;180:800			
3	1317	0	0	0											精致炫彩水银	16					0:180;181:inf	0:3;180:3			
3	1173	0	0	0											精致炫彩水银	16					0:180;181:inf	0:20;180:20			
